00000005
00000002
0000000f
0000000c
00000009
00000006
00000003
00000000
0000000d
0000000a
00000007
00000004
00000001
0000000e
0000000b
00000008
00000005
00000002
0000000f
0000000c
00000009
00000006
00000003
00000000
0000000d
0000000a
00000007
00000004
00000001
0000000e
0000000b
00000008
00000005
00000002
0000000f
0000000c
00000009
00000006
00000003
00000000
0000000d
0000000a
00000007
00000004
00000001
0000000e
0000000b
00000008
00000005
00000002
0000000f
0000000c
00000009
00000006
00000003
00000000
0000000d
0000000a
00000007
00000004
00000001
0000000e
0000000b
00000008
00000005
00000002
0000000f
0000000c
00000009
00000006
00000003
00000000
0000000d
0000000a
00000007
00000004
00000001
0000000e
0000000b
00000008
00000005
00000002
0000000f
0000000c
00000009
00000006
00000003
00000000
0000000d
0000000a
00000007
00000004
00000001
0000000e
0000000b
00000008
00000005
00000002
0000000f
0000000c
00000009
00000006
00000003
00000000
0000000d
0000000a
00000007
00000004
00000001
0000000e
0000000b
00000008
00000005
00000002
0000000f
0000000c
00000009
00000006
00000003
00000000
0000000d
0000000a
00000007
00000004
00000001
0000000e
0000000b
00000008
00000005
00000002
0000000f
0000000c
00000009
00000006
00000003
00000000
0000000d
0000000a
00000007
00000004
00000001
0000000e
0000000b
00000008
00000000
00000000
00000000
00000000
00000000
00000000
00000000
00000000
00000000
00000000
00000000
00000000
00000000
00000000
00000000
00000000
00000000
00000000
00000000
00000000
00000000
00000000
00000000
00000000
00000000
00000000
00000000
00000000
00000000
00000000
00000000
00000000
00000000
00000000
00000000
00000000
00000000
00000000
00000000
00000000
00000000
00000000
00000000
00000000
00000000
00000000
00000000
00000000
00000000
00000000
00000000
00000000
